loup : 9.88383 get for point: (7.71967 ; 0.070941 ; 1.91345 ; 1.23876) uplo: 4.77628 volume rejected: 98.1222: 8h computation time, Twz-W problem
loup : 96.1276 get for point: (8.58205 ; 0.0593965 ; 3.22752 ; 2.64235) uplo: 18.3569 volume rejected: 97.9872: 11h30 computation time, Hinf prob (Twz*W)

